Matching algorithm: MPDA
Update method: match
Number of agents in each group: 10
Number of timesteps: 10
constant initialization + gaussian excitement
Preferences: 
Timestep0: 
Men's preferences:
[0, 1, 2, 3, 4, 5, 6, 7, 8, 9]
[0, 1, 2, 3, 4, 5, 6, 7, 8, 9]
[0, 1, 2, 3, 4, 5, 6, 7, 8, 9]
[0, 1, 2, 3, 4, 5, 6, 7, 8, 9]
[0, 1, 2, 3, 4, 5, 6, 7, 8, 9]
[0, 1, 2, 3, 4, 5, 6, 7, 8, 9]
[0, 1, 2, 3, 4, 5, 6, 7, 8, 9]
[0, 1, 2, 3, 4, 5, 6, 7, 8, 9]
[0, 1, 2, 3, 4, 5, 6, 7, 8, 9]
[0, 1, 2, 3, 4, 5, 6, 7, 8, 9]
Women's preferences:
[0, 1, 2, 3, 4, 5, 6, 7, 8, 9]
[0, 1, 2, 3, 4, 5, 6, 7, 8, 9]
[0, 1, 2, 3, 4, 5, 6, 7, 8, 9]
[0, 1, 2, 3, 4, 5, 6, 7, 8, 9]
[0, 1, 2, 3, 4, 5, 6, 7, 8, 9]
[0, 1, 2, 3, 4, 5, 6, 7, 8, 9]
[0, 1, 2, 3, 4, 5, 6, 7, 8, 9]
[0, 1, 2, 3, 4, 5, 6, 7, 8, 9]
[0, 1, 2, 3, 4, 5, 6, 7, 8, 9]
[0, 1, 2, 3, 4, 5, 6, 7, 8, 9]
Timestep1: 
Men's preferences:
[0, 4, 5, 9, 1, 3, 8, 7, 2, 6]
[1, 2, 5, 8, 7, 6, 0, 3, 4, 9]
[2, 1, 5, 7, 9, 3, 8, 0, 4, 6]
[1, 2, 3, 4, 5, 9, 6, 7, 8, 0]
[2, 4, 8, 9, 3, 7, 1, 5, 0, 6]
[1, 3, 4, 5, 6, 7, 0, 2, 9, 8]
[2, 3, 6, 8, 9, 7, 4, 0, 5, 1]
[4, 5, 7, 8, 9, 0, 2, 1, 6, 3]
[8, 0, 1, 4, 9, 3, 6, 2, 7, 5]
[9, 0, 2, 5, 6, 1, 4, 8, 7, 3]
Women's preferences:
[0, 2, 4, 1, 8, 7, 5, 9, 6, 3]
[0, 1, 2, 3, 4, 6, 9, 8, 7, 5]
[2, 0, 1, 4, 5, 6, 7, 3, 9, 8]
[3, 4, 6, 9, 5, 2, 1, 0, 7, 8]
[1, 4, 7, 9, 6, 0, 2, 3, 5, 8]
[1, 2, 4, 5, 9, 7, 6, 8, 0, 3]
[5, 6, 8, 1, 0, 2, 7, 4, 3, 9]
[7, 0, 1, 2, 3, 4, 6, 8, 9, 5]
[0, 3, 5, 8, 9, 4, 6, 1, 7, 2]
[1, 2, 3, 4, 6, 7, 9, 8, 5, 0]
Timestep2: 
Men's preferences:
[0, 4, 5, 9, 1, 3, 8, 7, 2, 6]
[1, 2, 5, 8, 7, 6, 0, 9, 3, 4]
[2, 1, 5, 7, 9, 6, 3, 8, 4, 0]
[0, 1, 2, 3, 4, 5, 9, 6, 7, 8]
[6, 2, 4, 8, 9, 3, 7, 1, 0, 5]
[8, 1, 3, 4, 5, 6, 7, 0, 2, 9]
[2, 3, 6, 8, 1, 9, 7, 4, 5, 0]
[4, 5, 7, 8, 9, 0, 2, 3, 1, 6]
[8, 0, 1, 4, 9, 5, 3, 6, 2, 7]
[9, 0, 2, 5, 6, 1, 4, 8, 7, 3]
Women's preferences:
[0, 2, 4, 1, 8, 7, 3, 5, 9, 6]
[0, 1, 2, 3, 4, 5, 6, 9, 8, 7]
[2, 0, 1, 4, 5, 6, 7, 3, 8, 9]
[3, 4, 6, 9, 5, 2, 1, 8, 0, 7]
[1, 4, 7, 9, 6, 8, 0, 2, 3, 5]
[1, 2, 4, 5, 9, 7, 6, 3, 8, 0]
[9, 5, 6, 8, 1, 0, 3, 2, 4, 7]
[7, 0, 1, 2, 3, 4, 6, 8, 9, 5]
[0, 3, 5, 8, 9, 4, 2, 6, 1, 7]
[1, 2, 3, 4, 6, 7, 9, 8, 5, 0]
Timestep3: 
Men's preferences:
[0, 4, 5, 9, 1, 3, 8, 7, 2, 6]
[1, 2, 5, 8, 7, 6, 0, 3, 4, 9]
[2, 1, 5, 7, 9, 3, 8, 0, 4, 6]
[1, 2, 3, 4, 5, 9, 6, 7, 8, 0]
[2, 4, 8, 9, 3, 7, 1, 5, 0, 6]
[8, 1, 3, 4, 5, 6, 7, 0, 2, 9]
[2, 3, 6, 8, 9, 7, 4, 0, 5, 1]
[4, 5, 7, 8, 9, 0, 2, 1, 6, 3]
[0, 1, 4, 9, 3, 8, 6, 2, 7, 5]
[9, 0, 2, 5, 6, 1, 4, 8, 7, 3]
Women's preferences:
[0, 2, 4, 1, 8, 7, 5, 9, 6, 3]
[0, 1, 2, 3, 4, 6, 9, 8, 7, 5]
[2, 0, 1, 4, 5, 6, 7, 3, 9, 8]
[3, 4, 6, 9, 5, 2, 1, 0, 7, 8]
[1, 4, 7, 9, 6, 0, 2, 3, 5, 8]
[1, 2, 4, 5, 9, 7, 6, 8, 0, 3]
[5, 6, 8, 1, 0, 2, 7, 4, 3, 9]
[7, 0, 1, 2, 3, 4, 8, 6, 9, 5]
[0, 3, 5, 8, 9, 4, 6, 1, 7, 2]
[1, 2, 3, 4, 6, 7, 9, 8, 5, 0]
Timestep4: 
Men's preferences:
[0, 4, 5, 9, 1, 3, 8, 7, 2, 6]
[1, 2, 5, 8, 7, 6, 0, 9, 3, 4]
[2, 1, 5, 7, 9, 6, 3, 8, 4, 0]
[0, 1, 2, 3, 4, 5, 9, 6, 7, 8]
[6, 2, 4, 8, 9, 3, 7, 1, 0, 5]
[8, 1, 3, 4, 5, 6, 7, 0, 2, 9]
[2, 3, 6, 8, 1, 9, 7, 4, 5, 0]
[4, 5, 7, 8, 9, 0, 2, 3, 1, 6]
[0, 1, 4, 9, 5, 3, 6, 7, 2, 8]
[9, 0, 2, 5, 6, 1, 4, 8, 7, 3]
Women's preferences:
[0, 2, 4, 1, 8, 7, 3, 5, 9, 6]
[0, 1, 2, 3, 4, 5, 6, 9, 8, 7]
[2, 0, 1, 4, 5, 6, 7, 3, 8, 9]
[3, 4, 6, 9, 5, 2, 1, 8, 0, 7]
[1, 4, 7, 9, 6, 8, 0, 2, 3, 5]
[1, 2, 4, 5, 9, 7, 6, 3, 8, 0]
[9, 5, 6, 8, 1, 0, 3, 2, 4, 7]
[0, 1, 2, 3, 4, 8, 7, 6, 9, 5]
[0, 3, 5, 8, 9, 4, 2, 6, 1, 7]
[1, 2, 3, 4, 6, 7, 9, 8, 5, 0]
Timestep5: 
Men's preferences:
[0, 4, 5, 9, 1, 3, 8, 7, 2, 6]
[1, 2, 5, 8, 7, 6, 0, 3, 4, 9]
[2, 1, 5, 7, 9, 3, 8, 0, 4, 6]
[1, 2, 3, 4, 5, 9, 6, 7, 8, 0]
[2, 4, 8, 9, 3, 7, 1, 5, 0, 6]
[8, 1, 3, 4, 5, 6, 7, 0, 2, 9]
[2, 3, 6, 8, 9, 7, 4, 0, 5, 1]
[4, 5, 7, 8, 9, 0, 2, 1, 6, 3]
[0, 1, 4, 9, 3, 7, 6, 2, 8, 5]
[9, 0, 2, 5, 6, 1, 4, 8, 7, 3]
Women's preferences:
[0, 2, 4, 1, 8, 7, 5, 9, 6, 3]
[0, 1, 2, 3, 4, 6, 9, 8, 7, 5]
[2, 0, 1, 4, 5, 6, 7, 3, 9, 8]
[3, 4, 6, 9, 5, 2, 1, 0, 7, 8]
[1, 4, 7, 9, 6, 0, 2, 3, 5, 8]
[7, 1, 2, 4, 5, 9, 6, 8, 0, 3]
[5, 6, 8, 1, 0, 2, 7, 4, 3, 9]
[8, 0, 1, 2, 3, 4, 6, 7, 9, 5]
[0, 3, 5, 8, 9, 4, 6, 1, 7, 2]
[1, 2, 3, 4, 6, 7, 9, 8, 5, 0]
Timestep6: 
Men's preferences:
[0, 4, 5, 9, 1, 3, 8, 7, 2, 6]
[1, 2, 5, 8, 7, 6, 0, 9, 3, 4]
[2, 1, 5, 7, 9, 6, 3, 8, 4, 0]
[0, 1, 2, 3, 4, 5, 9, 6, 7, 8]
[6, 2, 4, 8, 9, 3, 7, 1, 0, 5]
[8, 1, 3, 4, 5, 6, 7, 0, 2, 9]
[2, 3, 6, 8, 1, 9, 7, 4, 5, 0]
[4, 5, 7, 8, 9, 0, 2, 3, 1, 6]
[0, 1, 4, 9, 5, 7, 3, 6, 2, 8]
[9, 0, 2, 5, 6, 1, 4, 8, 7, 3]
Women's preferences:
[0, 2, 4, 1, 8, 7, 3, 5, 9, 6]
[0, 1, 2, 3, 4, 5, 6, 9, 8, 7]
[2, 0, 1, 4, 5, 6, 7, 3, 8, 9]
[3, 4, 6, 9, 5, 2, 1, 8, 0, 7]
[1, 4, 7, 9, 6, 8, 0, 2, 3, 5]
[7, 1, 2, 4, 5, 9, 6, 3, 8, 0]
[9, 5, 6, 8, 1, 0, 3, 2, 4, 7]
[8, 0, 1, 2, 3, 4, 6, 7, 9, 5]
[0, 3, 5, 8, 9, 4, 2, 6, 1, 7]
[1, 2, 3, 4, 6, 7, 9, 8, 5, 0]
Timestep7: 
Men's preferences:
[0, 4, 5, 9, 1, 3, 8, 7, 2, 6]
[1, 2, 5, 8, 7, 6, 0, 3, 4, 9]
[2, 1, 5, 7, 9, 3, 8, 0, 4, 6]
[1, 2, 3, 4, 5, 9, 6, 7, 8, 0]
[2, 4, 8, 9, 3, 7, 1, 5, 0, 6]
[8, 1, 3, 4, 5, 6, 7, 0, 2, 9]
[2, 3, 6, 8, 9, 7, 4, 0, 5, 1]
[4, 5, 7, 8, 9, 0, 2, 1, 6, 3]
[7, 0, 1, 4, 9, 3, 6, 2, 8, 5]
[9, 0, 2, 5, 6, 1, 4, 8, 7, 3]
Women's preferences:
[0, 2, 4, 1, 8, 7, 5, 9, 6, 3]
[0, 1, 2, 3, 4, 6, 9, 8, 7, 5]
[2, 0, 1, 4, 5, 6, 7, 3, 9, 8]
[3, 4, 6, 9, 5, 2, 1, 0, 7, 8]
[1, 4, 7, 9, 6, 0, 2, 3, 5, 8]
[7, 1, 2, 4, 5, 9, 6, 8, 0, 3]
[5, 6, 8, 1, 0, 2, 7, 4, 3, 9]
[8, 0, 1, 2, 3, 4, 6, 7, 9, 5]
[0, 3, 5, 8, 9, 4, 6, 1, 7, 2]
[1, 2, 3, 4, 6, 7, 9, 8, 5, 0]
Timestep8: 
Men's preferences:
[0, 4, 5, 9, 1, 3, 8, 7, 2, 6]
[1, 2, 5, 8, 7, 6, 0, 9, 3, 4]
[2, 1, 5, 7, 9, 6, 3, 8, 4, 0]
[0, 1, 2, 3, 4, 5, 9, 6, 7, 8]
[6, 2, 4, 8, 9, 3, 7, 1, 0, 5]
[8, 1, 3, 4, 5, 6, 7, 0, 2, 9]
[2, 3, 6, 8, 1, 9, 7, 4, 5, 0]
[4, 5, 7, 8, 9, 0, 2, 3, 1, 6]
[7, 0, 1, 4, 9, 5, 3, 6, 2, 8]
[9, 0, 2, 5, 6, 1, 4, 8, 7, 3]
Women's preferences:
[0, 2, 4, 1, 8, 7, 3, 5, 9, 6]
[0, 1, 2, 3, 4, 5, 6, 9, 8, 7]
[2, 0, 1, 4, 5, 6, 7, 3, 8, 9]
[3, 4, 6, 9, 5, 2, 1, 8, 0, 7]
[1, 4, 7, 9, 6, 8, 0, 2, 3, 5]
[7, 1, 2, 4, 5, 9, 6, 3, 8, 0]
[9, 5, 6, 8, 1, 0, 3, 2, 4, 7]
[8, 0, 1, 2, 3, 4, 6, 7, 9, 5]
[0, 3, 5, 8, 9, 4, 2, 6, 1, 7]
[1, 2, 3, 4, 6, 7, 9, 8, 5, 0]
Timestep9: 
Men's preferences:
[0, 4, 5, 9, 1, 3, 8, 7, 2, 6]
[1, 2, 5, 8, 7, 6, 0, 3, 4, 9]
[2, 1, 5, 7, 9, 3, 8, 0, 4, 6]
[1, 2, 3, 4, 5, 9, 6, 7, 8, 0]
[2, 4, 8, 9, 3, 7, 1, 5, 0, 6]
[8, 1, 3, 4, 5, 6, 7, 0, 2, 9]
[2, 3, 6, 8, 9, 7, 4, 0, 5, 1]
[4, 5, 7, 8, 9, 0, 2, 1, 6, 3]
[7, 0, 1, 4, 9, 3, 6, 2, 8, 5]
[9, 0, 2, 5, 6, 1, 4, 8, 7, 3]
Women's preferences:
[0, 2, 4, 1, 8, 7, 5, 9, 6, 3]
[0, 1, 2, 3, 4, 6, 9, 8, 7, 5]
[2, 0, 1, 4, 5, 6, 7, 3, 9, 8]
[3, 4, 6, 9, 5, 2, 1, 0, 7, 8]
[1, 4, 7, 9, 6, 0, 2, 3, 5, 8]
[7, 1, 2, 4, 5, 9, 6, 8, 0, 3]
[5, 6, 8, 1, 0, 2, 7, 4, 3, 9]
[8, 0, 1, 2, 3, 4, 6, 7, 9, 5]
[0, 3, 5, 8, 9, 4, 6, 1, 7, 2]
[1, 2, 3, 4, 6, 7, 9, 8, 5, 0]
Matches: 
Timestep 0: [(0, 0), (1, 1), (2, 2), (3, 3), (4, 4), (5, 5), (6, 6), (7, 7), (8, 8), (9, 9)]
Timestep 1: [(0, 0), (1, 1), (2, 2), (3, 3), (4, 4), (5, 5), (6, 6), (7, 7), (8, 8), (9, 9)]
Timestep 2: [(0, 0), (1, 1), (2, 2), (3, 3), (4, 4), (5, 8), (6, 6), (7, 5), (8, 7), (9, 9)]
Timestep 3: [(0, 0), (1, 1), (2, 2), (3, 3), (4, 4), (5, 8), (6, 6), (7, 5), (8, 7), (9, 9)]
Timestep 4: [(0, 0), (1, 1), (2, 2), (3, 3), (4, 4), (5, 8), (6, 6), (7, 5), (8, 7), (9, 9)]
Timestep 5: [(0, 0), (1, 1), (2, 2), (3, 3), (4, 4), (5, 8), (6, 6), (7, 5), (8, 7), (9, 9)]
Timestep 6: [(0, 0), (1, 1), (2, 2), (3, 3), (4, 4), (5, 8), (6, 6), (7, 5), (8, 7), (9, 9)]
Timestep 7: [(0, 0), (1, 1), (2, 2), (3, 3), (4, 4), (5, 8), (6, 6), (7, 5), (8, 7), (9, 9)]
Timestep 8: [(0, 0), (1, 1), (2, 2), (3, 3), (4, 4), (5, 8), (6, 6), (7, 5), (8, 7), (9, 9)]
Timestep 9: [(0, 0), (1, 1), (2, 2), (3, 3), (4, 4), (5, 8), (6, 6), (7, 5), (8, 7), (9, 9)]
Average number of timestep staying married: [1.0, 2.0, 2.3076923076923075, 3.076923076923077, 3.8461538461538463, 4.615384615384615, 5.384615384615385, 6.153846153846154, 6.923076923076923, 7.6923076923076925]
Largest number of timestep staying married: [1, 2, 3, 4, 5, 6, 7, 8, 9, 10]
Proportion of marriage persisted: [0, 1.0, 0.7, 1.0, 1.0, 1.0, 1.0, 1.0, 1.0, 1.0]
