Matching algorithm: MPDA
Number of agents in each group: 10
Number of timesteps: 10
constant initialization + uniform_random excitement
Preferences: 
Timestep0: 
Men's preferences:
[0, 1, 2, 3, 4, 5, 6, 7, 8, 9]
[0, 1, 2, 3, 4, 5, 6, 7, 8, 9]
[0, 1, 2, 3, 4, 5, 6, 7, 8, 9]
[0, 1, 2, 3, 4, 5, 6, 7, 8, 9]
[0, 1, 2, 3, 4, 5, 6, 7, 8, 9]
[0, 1, 2, 3, 4, 5, 6, 7, 8, 9]
[0, 1, 2, 3, 4, 5, 6, 7, 8, 9]
[0, 1, 2, 3, 4, 5, 6, 7, 8, 9]
[0, 1, 2, 3, 4, 5, 6, 7, 8, 9]
[0, 1, 2, 3, 4, 5, 6, 7, 8, 9]
Women's preferences:
[0, 1, 2, 3, 4, 5, 6, 7, 8, 9]
[0, 1, 2, 3, 4, 5, 6, 7, 8, 9]
[0, 1, 2, 3, 4, 5, 6, 7, 8, 9]
[0, 1, 2, 3, 4, 5, 6, 7, 8, 9]
[0, 1, 2, 3, 4, 5, 6, 7, 8, 9]
[0, 1, 2, 3, 4, 5, 6, 7, 8, 9]
[0, 1, 2, 3, 4, 5, 6, 7, 8, 9]
[0, 1, 2, 3, 4, 5, 6, 7, 8, 9]
[0, 1, 2, 3, 4, 5, 6, 7, 8, 9]
[0, 1, 2, 3, 4, 5, 6, 7, 8, 9]
Timestep1: 
Men's preferences:
[1, 9, 8, 2, 7, 0, 6, 4, 5, 3]
[5, 9, 3, 4, 8, 2, 1, 7, 0, 6]
[3, 1, 6, 5, 7, 8, 0, 9, 2, 4]
[9, 4, 8, 6, 3, 1, 7, 2, 0, 5]
[7, 5, 1, 8, 6, 9, 0, 2, 4, 3]
[7, 4, 3, 2, 5, 6, 9, 0, 1, 8]
[5, 3, 8, 0, 7, 2, 4, 9, 6, 1]
[5, 9, 3, 7, 8, 0, 1, 6, 2, 4]
[1, 9, 5, 6, 4, 2, 7, 3, 0, 8]
[9, 5, 2, 7, 4, 1, 6, 8, 0, 3]
Women's preferences:
[1, 4, 5, 6, 9, 3, 0, 8, 2, 7]
[8, 5, 4, 1, 3, 0, 2, 7, 9, 6]
[2, 4, 5, 6, 3, 7, 9, 0, 8, 1]
[8, 3, 1, 4, 0, 6, 5, 9, 2, 7]
[6, 0, 5, 1, 2, 4, 7, 9, 8, 3]
[1, 8, 0, 9, 5, 3, 2, 4, 6, 7]
[9, 3, 6, 5, 4, 7, 2, 0, 1, 8]
[6, 9, 8, 7, 4, 2, 3, 5, 1, 0]
[5, 0, 7, 6, 3, 1, 4, 9, 2, 8]
[5, 6, 0, 1, 8, 2, 9, 7, 3, 4]
Timestep2: 
Men's preferences:
[1, 9, 8, 2, 7, 0, 6, 4, 5, 3]
[5, 9, 3, 4, 8, 2, 1, 7, 0, 6]
[3, 1, 6, 5, 7, 8, 0, 9, 2, 4]
[9, 4, 8, 6, 3, 1, 7, 2, 0, 5]
[7, 5, 1, 8, 6, 9, 0, 2, 4, 3]
[7, 4, 3, 2, 5, 6, 9, 0, 1, 8]
[5, 3, 8, 0, 7, 2, 4, 9, 6, 1]
[5, 9, 3, 7, 8, 0, 1, 6, 2, 4]
[1, 9, 5, 6, 4, 2, 7, 3, 0, 8]
[9, 5, 2, 7, 4, 1, 6, 8, 0, 3]
Women's preferences:
[1, 4, 5, 6, 9, 3, 0, 8, 2, 7]
[8, 5, 4, 1, 3, 0, 2, 7, 9, 6]
[2, 4, 5, 6, 3, 7, 9, 0, 8, 1]
[8, 3, 1, 4, 0, 6, 5, 9, 2, 7]
[6, 0, 5, 1, 2, 4, 7, 9, 8, 3]
[1, 8, 0, 9, 5, 3, 2, 4, 6, 7]
[9, 3, 6, 5, 4, 7, 2, 0, 1, 8]
[6, 9, 8, 7, 4, 2, 3, 5, 1, 0]
[5, 0, 7, 6, 3, 1, 4, 9, 2, 8]
[5, 6, 0, 1, 8, 2, 9, 7, 3, 4]
Timestep3: 
Men's preferences:
[1, 9, 8, 2, 7, 0, 6, 4, 5, 3]
[5, 9, 3, 4, 8, 2, 1, 7, 0, 6]
[3, 1, 6, 5, 7, 8, 0, 9, 2, 4]
[9, 4, 8, 6, 3, 1, 7, 2, 0, 5]
[7, 5, 1, 8, 6, 9, 0, 2, 4, 3]
[7, 4, 3, 2, 5, 6, 9, 0, 1, 8]
[5, 3, 8, 0, 7, 2, 4, 9, 6, 1]
[5, 9, 3, 7, 8, 0, 1, 6, 2, 4]
[1, 9, 5, 6, 4, 2, 7, 3, 0, 8]
[9, 5, 2, 7, 4, 1, 6, 8, 0, 3]
Women's preferences:
[1, 4, 5, 6, 9, 3, 0, 8, 2, 7]
[8, 5, 4, 1, 3, 0, 2, 7, 9, 6]
[2, 4, 5, 6, 3, 7, 9, 0, 8, 1]
[8, 3, 1, 4, 0, 6, 5, 9, 2, 7]
[6, 0, 5, 1, 2, 4, 7, 9, 8, 3]
[1, 8, 0, 9, 5, 3, 2, 4, 6, 7]
[9, 3, 6, 5, 4, 7, 2, 0, 1, 8]
[6, 9, 8, 7, 4, 2, 3, 5, 1, 0]
[5, 0, 7, 6, 3, 1, 4, 9, 2, 8]
[5, 6, 0, 1, 8, 2, 9, 7, 3, 4]
Timestep4: 
Men's preferences:
[1, 9, 8, 2, 7, 0, 6, 4, 5, 3]
[5, 9, 3, 4, 8, 2, 1, 7, 0, 6]
[3, 1, 6, 5, 7, 8, 0, 9, 2, 4]
[9, 4, 8, 6, 3, 1, 7, 2, 0, 5]
[7, 5, 1, 8, 6, 9, 0, 2, 4, 3]
[7, 4, 3, 2, 5, 6, 9, 0, 1, 8]
[5, 3, 8, 0, 7, 2, 4, 9, 6, 1]
[5, 9, 3, 7, 8, 0, 1, 6, 2, 4]
[1, 9, 5, 6, 4, 2, 7, 3, 0, 8]
[9, 5, 2, 7, 4, 1, 6, 8, 0, 3]
Women's preferences:
[1, 4, 5, 6, 9, 3, 0, 8, 2, 7]
[8, 5, 4, 1, 3, 0, 2, 7, 9, 6]
[2, 4, 5, 6, 3, 7, 9, 0, 8, 1]
[8, 3, 1, 4, 0, 6, 5, 9, 2, 7]
[6, 0, 5, 1, 2, 4, 7, 9, 8, 3]
[1, 8, 0, 9, 5, 3, 2, 4, 6, 7]
[9, 3, 6, 5, 4, 7, 2, 0, 1, 8]
[6, 9, 8, 7, 4, 2, 3, 5, 1, 0]
[5, 0, 7, 6, 3, 1, 4, 9, 2, 8]
[5, 6, 0, 1, 8, 2, 9, 7, 3, 4]
Timestep5: 
Men's preferences:
[1, 9, 8, 2, 7, 0, 6, 4, 5, 3]
[5, 9, 3, 4, 8, 2, 1, 7, 0, 6]
[3, 1, 6, 5, 7, 8, 0, 9, 2, 4]
[9, 4, 8, 6, 3, 1, 7, 2, 0, 5]
[7, 5, 1, 8, 6, 9, 0, 2, 4, 3]
[7, 4, 3, 2, 5, 6, 9, 0, 1, 8]
[5, 3, 8, 0, 7, 2, 4, 9, 6, 1]
[5, 9, 3, 7, 8, 0, 1, 6, 2, 4]
[1, 9, 5, 6, 4, 2, 7, 3, 0, 8]
[9, 5, 2, 7, 4, 1, 6, 8, 0, 3]
Women's preferences:
[1, 4, 5, 6, 9, 3, 0, 8, 2, 7]
[8, 5, 4, 1, 3, 0, 2, 7, 9, 6]
[2, 4, 5, 6, 3, 7, 9, 0, 8, 1]
[8, 3, 1, 4, 0, 6, 5, 9, 2, 7]
[6, 0, 5, 1, 2, 4, 7, 9, 8, 3]
[1, 8, 0, 9, 5, 3, 2, 4, 6, 7]
[9, 3, 6, 5, 4, 7, 2, 0, 1, 8]
[6, 9, 8, 7, 4, 2, 3, 5, 1, 0]
[5, 0, 7, 6, 3, 1, 4, 9, 2, 8]
[5, 6, 0, 1, 8, 2, 9, 7, 3, 4]
Timestep6: 
Men's preferences:
[1, 9, 8, 2, 7, 0, 6, 4, 5, 3]
[5, 9, 3, 4, 8, 2, 1, 7, 0, 6]
[3, 1, 6, 5, 7, 8, 0, 9, 2, 4]
[9, 4, 8, 6, 3, 1, 7, 2, 0, 5]
[7, 5, 1, 8, 6, 9, 0, 2, 4, 3]
[7, 4, 3, 2, 5, 6, 9, 0, 1, 8]
[5, 3, 8, 0, 7, 2, 4, 9, 6, 1]
[5, 9, 3, 7, 8, 0, 1, 6, 2, 4]
[1, 9, 5, 6, 4, 2, 7, 3, 0, 8]
[9, 5, 2, 7, 4, 1, 6, 8, 0, 3]
Women's preferences:
[1, 4, 5, 6, 9, 3, 0, 8, 2, 7]
[8, 5, 4, 1, 3, 0, 2, 7, 9, 6]
[2, 4, 5, 6, 3, 7, 9, 0, 8, 1]
[8, 3, 1, 4, 0, 6, 5, 9, 2, 7]
[6, 0, 5, 1, 2, 4, 7, 9, 8, 3]
[1, 8, 0, 9, 5, 3, 2, 4, 6, 7]
[9, 3, 6, 5, 4, 7, 2, 0, 1, 8]
[6, 9, 8, 7, 4, 2, 3, 5, 1, 0]
[5, 0, 7, 6, 3, 1, 4, 9, 2, 8]
[5, 6, 0, 1, 8, 2, 9, 7, 3, 4]
Timestep7: 
Men's preferences:
[1, 9, 8, 2, 7, 0, 6, 4, 5, 3]
[5, 9, 3, 4, 8, 2, 1, 7, 0, 6]
[3, 1, 6, 5, 7, 8, 0, 9, 2, 4]
[9, 4, 8, 6, 3, 1, 7, 2, 0, 5]
[7, 5, 1, 8, 6, 9, 0, 2, 4, 3]
[7, 4, 3, 2, 5, 6, 9, 0, 1, 8]
[5, 3, 8, 0, 7, 2, 4, 9, 6, 1]
[5, 9, 3, 7, 8, 0, 1, 6, 2, 4]
[1, 9, 5, 6, 4, 2, 7, 3, 0, 8]
[9, 5, 2, 7, 4, 1, 6, 8, 0, 3]
Women's preferences:
[1, 4, 5, 6, 9, 3, 0, 8, 2, 7]
[8, 5, 4, 1, 3, 0, 2, 7, 9, 6]
[2, 4, 5, 6, 3, 7, 9, 0, 8, 1]
[8, 3, 1, 4, 0, 6, 5, 9, 2, 7]
[6, 0, 5, 1, 2, 4, 7, 9, 8, 3]
[1, 8, 0, 9, 5, 3, 2, 4, 6, 7]
[9, 3, 6, 5, 4, 7, 2, 0, 1, 8]
[6, 9, 8, 7, 4, 2, 3, 5, 1, 0]
[5, 0, 7, 6, 3, 1, 4, 9, 2, 8]
[5, 6, 0, 1, 8, 2, 9, 7, 3, 4]
Timestep8: 
Men's preferences:
[1, 9, 8, 2, 7, 0, 6, 4, 5, 3]
[5, 9, 3, 4, 8, 2, 1, 7, 0, 6]
[3, 1, 6, 5, 7, 8, 0, 9, 2, 4]
[9, 4, 8, 6, 3, 1, 7, 2, 0, 5]
[7, 5, 1, 8, 6, 9, 0, 2, 4, 3]
[7, 4, 3, 2, 5, 6, 9, 0, 1, 8]
[5, 3, 8, 0, 7, 2, 4, 9, 6, 1]
[5, 9, 3, 7, 8, 0, 1, 6, 2, 4]
[1, 9, 5, 6, 4, 2, 7, 3, 0, 8]
[9, 5, 2, 7, 4, 1, 6, 8, 0, 3]
Women's preferences:
[1, 4, 5, 6, 9, 3, 0, 8, 2, 7]
[8, 5, 4, 1, 3, 0, 2, 7, 9, 6]
[2, 4, 5, 6, 3, 7, 9, 0, 8, 1]
[8, 3, 1, 4, 0, 6, 5, 9, 2, 7]
[6, 0, 5, 1, 2, 4, 7, 9, 8, 3]
[1, 8, 0, 9, 5, 3, 2, 4, 6, 7]
[9, 3, 6, 5, 4, 7, 2, 0, 1, 8]
[6, 9, 8, 7, 4, 2, 3, 5, 1, 0]
[5, 0, 7, 6, 3, 1, 4, 9, 2, 8]
[5, 6, 0, 1, 8, 2, 9, 7, 3, 4]
Timestep9: 
Men's preferences:
[1, 9, 8, 2, 7, 0, 6, 4, 5, 3]
[5, 9, 3, 4, 8, 2, 1, 7, 0, 6]
[3, 1, 6, 5, 7, 8, 0, 9, 2, 4]
[9, 4, 8, 6, 3, 1, 7, 2, 0, 5]
[7, 5, 1, 8, 6, 9, 0, 2, 4, 3]
[7, 4, 3, 2, 5, 6, 9, 0, 1, 8]
[5, 3, 8, 0, 7, 2, 4, 9, 6, 1]
[5, 9, 3, 7, 8, 0, 1, 6, 2, 4]
[1, 9, 5, 6, 4, 2, 7, 3, 0, 8]
[9, 5, 2, 7, 4, 1, 6, 8, 0, 3]
Women's preferences:
[1, 4, 5, 6, 9, 3, 0, 8, 2, 7]
[8, 5, 4, 1, 3, 0, 2, 7, 9, 6]
[2, 4, 5, 6, 3, 7, 9, 0, 8, 1]
[8, 3, 1, 4, 0, 6, 5, 9, 2, 7]
[6, 0, 5, 1, 2, 4, 7, 9, 8, 3]
[1, 8, 0, 9, 5, 3, 2, 4, 6, 7]
[9, 3, 6, 5, 4, 7, 2, 0, 1, 8]
[6, 9, 8, 7, 4, 2, 3, 5, 1, 0]
[5, 0, 7, 6, 3, 1, 4, 9, 2, 8]
[5, 6, 0, 1, 8, 2, 9, 7, 3, 4]
Matches: 
Timestep 0: [(0, 0), (1, 1), (2, 2), (3, 3), (4, 4), (5, 5), (6, 6), (7, 7), (8, 8), (9, 9)]
Timestep 1: [(0, 9), (1, 5), (2, 0), (3, 8), (4, 6), (5, 4), (6, 3), (7, 7), (8, 1), (9, 2)]
Timestep 2: [(0, 9), (1, 5), (2, 0), (3, 8), (4, 6), (5, 4), (6, 3), (7, 7), (8, 1), (9, 2)]
Timestep 3: [(0, 9), (1, 5), (2, 0), (3, 8), (4, 6), (5, 4), (6, 3), (7, 7), (8, 1), (9, 2)]
Timestep 4: [(0, 9), (1, 5), (2, 0), (3, 8), (4, 6), (5, 4), (6, 3), (7, 7), (8, 1), (9, 2)]
Timestep 5: [(0, 9), (1, 5), (2, 0), (3, 8), (4, 6), (5, 4), (6, 3), (7, 7), (8, 1), (9, 2)]
Timestep 6: [(0, 9), (1, 5), (2, 0), (3, 8), (4, 6), (5, 4), (6, 3), (7, 7), (8, 1), (9, 2)]
Timestep 7: [(0, 9), (1, 5), (2, 0), (3, 8), (4, 6), (5, 4), (6, 3), (7, 7), (8, 1), (9, 2)]
Timestep 8: [(0, 9), (1, 5), (2, 0), (3, 8), (4, 6), (5, 4), (6, 3), (7, 7), (8, 1), (9, 2)]
Timestep 9: [(0, 9), (1, 5), (2, 0), (3, 8), (4, 6), (5, 4), (6, 3), (7, 7), (8, 1), (9, 2)]
Average number of timestep staying married: [1.0, 1.0526315789473684, 1.5789473684210527, 2.1052631578947367, 2.6315789473684212, 3.1578947368421053, 3.6842105263157894, 4.2105263157894735, 4.7368421052631575, 5.2631578947368425]
Largest number of timestep staying married: [1, 2, 3, 4, 5, 6, 7, 8, 9, 10]
Proportion of marriage persisted: [0, 0.1, 1.0, 1.0, 1.0, 1.0, 1.0, 1.0, 1.0, 1.0]
