Matching algorithm: MPDA
Update method: regular
Number of agents in each group: 10
Number of timesteps: 10
constant initialization + gaussian excitement
Preferences: 
Timestep0: 
Men's preferences:
[0, 1, 2, 3, 4, 5, 6, 7, 8, 9]
[0, 1, 2, 3, 4, 5, 6, 7, 8, 9]
[0, 1, 2, 3, 4, 5, 6, 7, 8, 9]
[0, 1, 2, 3, 4, 5, 6, 7, 8, 9]
[0, 1, 2, 3, 4, 5, 6, 7, 8, 9]
[0, 1, 2, 3, 4, 5, 6, 7, 8, 9]
[0, 1, 2, 3, 4, 5, 6, 7, 8, 9]
[0, 1, 2, 3, 4, 5, 6, 7, 8, 9]
[0, 1, 2, 3, 4, 5, 6, 7, 8, 9]
[0, 1, 2, 3, 4, 5, 6, 7, 8, 9]
Women's preferences:
[0, 1, 2, 3, 4, 5, 6, 7, 8, 9]
[0, 1, 2, 3, 4, 5, 6, 7, 8, 9]
[0, 1, 2, 3, 4, 5, 6, 7, 8, 9]
[0, 1, 2, 3, 4, 5, 6, 7, 8, 9]
[0, 1, 2, 3, 4, 5, 6, 7, 8, 9]
[0, 1, 2, 3, 4, 5, 6, 7, 8, 9]
[0, 1, 2, 3, 4, 5, 6, 7, 8, 9]
[0, 1, 2, 3, 4, 5, 6, 7, 8, 9]
[0, 1, 2, 3, 4, 5, 6, 7, 8, 9]
[0, 1, 2, 3, 4, 5, 6, 7, 8, 9]
Timestep1: 
Men's preferences:
[9, 5, 4, 1, 3, 8, 7, 2, 0, 6]
[1, 2, 5, 8, 7, 6, 0, 3, 4, 9]
[1, 5, 9, 7, 3, 8, 0, 2, 4, 6]
[4, 3, 2, 9, 5, 1, 6, 7, 0, 8]
[8, 2, 4, 9, 3, 7, 1, 0, 5, 6]
[1, 3, 6, 4, 5, 7, 0, 2, 8, 9]
[6, 2, 8, 3, 9, 7, 4, 0, 1, 5]
[5, 9, 7, 4, 8, 0, 2, 1, 6, 3]
[9, 0, 1, 4, 3, 6, 2, 7, 8, 5]
[5, 0, 2, 6, 1, 4, 8, 7, 3, 9]
Women's preferences:
[4, 2, 0, 1, 8, 7, 5, 9, 6, 3]
[3, 1, 2, 0, 4, 6, 9, 8, 5, 7]
[1, 4, 6, 5, 7, 0, 3, 2, 9, 8]
[9, 4, 3, 6, 5, 2, 1, 0, 7, 8]
[1, 7, 4, 9, 6, 0, 2, 3, 5, 8]
[4, 2, 9, 1, 5, 7, 6, 8, 0, 3]
[8, 5, 6, 1, 0, 2, 3, 4, 7, 9]
[1, 3, 4, 2, 0, 6, 8, 9, 7, 5]
[3, 8, 5, 0, 9, 4, 6, 1, 7, 2]
[4, 2, 7, 1, 9, 3, 6, 8, 5, 0]
Timestep2: 
Men's preferences:
[9, 5, 4, 1, 3, 8, 7, 2, 0, 6]
[1, 2, 5, 8, 7, 6, 0, 3, 4, 9]
[1, 5, 9, 7, 3, 8, 0, 2, 4, 6]
[4, 3, 2, 9, 5, 1, 6, 7, 0, 8]
[8, 2, 4, 9, 3, 7, 1, 0, 5, 6]
[1, 3, 6, 4, 5, 7, 0, 2, 8, 9]
[6, 2, 8, 3, 9, 7, 4, 0, 1, 5]
[5, 9, 7, 4, 8, 0, 2, 1, 6, 3]
[9, 0, 1, 4, 3, 6, 2, 7, 8, 5]
[5, 0, 2, 6, 1, 4, 8, 7, 3, 9]
Women's preferences:
[4, 2, 0, 1, 8, 7, 5, 9, 6, 3]
[3, 1, 2, 0, 4, 6, 9, 8, 5, 7]
[1, 4, 6, 5, 7, 0, 3, 2, 9, 8]
[9, 4, 3, 6, 5, 2, 1, 0, 7, 8]
[1, 7, 4, 9, 6, 0, 2, 3, 5, 8]
[4, 2, 9, 1, 5, 7, 6, 8, 0, 3]
[8, 5, 6, 1, 0, 2, 3, 4, 7, 9]
[1, 3, 4, 2, 0, 6, 8, 9, 7, 5]
[3, 8, 5, 0, 9, 4, 6, 1, 7, 2]
[4, 2, 7, 1, 9, 3, 6, 8, 5, 0]
Timestep3: 
Men's preferences:
[9, 5, 4, 1, 3, 8, 7, 2, 0, 6]
[1, 2, 5, 8, 7, 6, 0, 3, 4, 9]
[1, 5, 9, 7, 3, 8, 0, 2, 4, 6]
[4, 3, 2, 9, 5, 1, 6, 7, 0, 8]
[8, 2, 4, 9, 3, 7, 1, 0, 5, 6]
[1, 3, 6, 4, 5, 7, 0, 2, 8, 9]
[6, 2, 8, 3, 9, 7, 4, 0, 1, 5]
[5, 9, 7, 4, 8, 0, 2, 1, 6, 3]
[9, 0, 1, 4, 3, 6, 2, 7, 8, 5]
[5, 0, 2, 6, 1, 4, 8, 7, 3, 9]
Women's preferences:
[4, 2, 0, 1, 8, 7, 5, 9, 6, 3]
[3, 1, 2, 0, 4, 6, 9, 8, 5, 7]
[1, 4, 6, 5, 7, 0, 3, 2, 9, 8]
[9, 4, 3, 6, 5, 2, 1, 0, 7, 8]
[1, 7, 4, 9, 6, 0, 2, 3, 5, 8]
[4, 2, 9, 1, 5, 7, 6, 8, 0, 3]
[8, 5, 6, 1, 0, 2, 3, 4, 7, 9]
[1, 3, 4, 2, 0, 6, 8, 9, 7, 5]
[3, 8, 5, 0, 9, 4, 6, 1, 7, 2]
[4, 2, 7, 1, 9, 3, 6, 8, 5, 0]
Timestep4: 
Men's preferences:
[9, 5, 4, 1, 3, 8, 7, 2, 0, 6]
[1, 2, 5, 8, 7, 6, 0, 3, 4, 9]
[1, 5, 9, 7, 3, 8, 0, 2, 4, 6]
[4, 3, 2, 9, 5, 1, 6, 7, 0, 8]
[8, 2, 4, 9, 3, 7, 1, 0, 5, 6]
[1, 3, 6, 4, 5, 7, 0, 2, 8, 9]
[6, 2, 8, 3, 9, 7, 4, 0, 1, 5]
[5, 9, 7, 4, 8, 0, 2, 1, 6, 3]
[9, 0, 1, 4, 3, 6, 2, 7, 8, 5]
[5, 0, 2, 6, 1, 4, 8, 7, 3, 9]
Women's preferences:
[4, 2, 0, 1, 8, 7, 5, 9, 6, 3]
[3, 1, 2, 0, 4, 6, 9, 8, 5, 7]
[1, 4, 6, 5, 7, 0, 3, 2, 9, 8]
[9, 4, 3, 6, 5, 2, 1, 0, 7, 8]
[1, 7, 4, 9, 6, 0, 2, 3, 5, 8]
[4, 2, 9, 1, 5, 7, 6, 8, 0, 3]
[8, 5, 6, 1, 0, 2, 3, 4, 7, 9]
[1, 3, 4, 2, 0, 6, 8, 9, 7, 5]
[3, 8, 5, 0, 9, 4, 6, 1, 7, 2]
[4, 2, 7, 1, 9, 3, 6, 8, 5, 0]
Timestep5: 
Men's preferences:
[9, 5, 4, 1, 3, 8, 7, 2, 0, 6]
[1, 2, 5, 8, 7, 6, 0, 3, 4, 9]
[1, 5, 9, 7, 3, 8, 0, 2, 4, 6]
[4, 3, 2, 9, 5, 1, 6, 7, 0, 8]
[8, 2, 4, 9, 3, 7, 1, 0, 5, 6]
[1, 3, 6, 4, 5, 7, 0, 2, 8, 9]
[6, 2, 8, 3, 9, 7, 4, 0, 1, 5]
[5, 9, 7, 4, 8, 0, 2, 1, 6, 3]
[9, 0, 1, 4, 3, 6, 2, 7, 8, 5]
[5, 0, 2, 6, 1, 4, 8, 7, 3, 9]
Women's preferences:
[4, 2, 0, 1, 8, 7, 5, 9, 6, 3]
[3, 1, 2, 0, 4, 6, 9, 8, 5, 7]
[1, 4, 6, 5, 7, 0, 3, 2, 9, 8]
[9, 4, 3, 6, 5, 2, 1, 0, 7, 8]
[1, 7, 4, 9, 6, 0, 2, 3, 5, 8]
[4, 2, 9, 1, 5, 7, 6, 8, 0, 3]
[8, 5, 6, 1, 0, 2, 3, 4, 7, 9]
[1, 3, 4, 2, 0, 6, 8, 9, 7, 5]
[3, 8, 5, 0, 9, 4, 6, 1, 7, 2]
[4, 2, 7, 1, 9, 3, 6, 8, 5, 0]
Timestep6: 
Men's preferences:
[9, 5, 4, 1, 3, 8, 7, 2, 0, 6]
[1, 2, 5, 8, 7, 6, 0, 3, 4, 9]
[1, 5, 9, 7, 3, 8, 0, 2, 4, 6]
[4, 3, 2, 9, 5, 1, 6, 7, 0, 8]
[8, 2, 4, 9, 3, 7, 1, 0, 5, 6]
[1, 3, 6, 4, 5, 7, 0, 2, 8, 9]
[6, 2, 8, 3, 9, 7, 4, 0, 1, 5]
[5, 9, 7, 4, 8, 0, 2, 1, 6, 3]
[9, 0, 1, 4, 3, 6, 2, 7, 8, 5]
[5, 0, 2, 6, 1, 4, 8, 7, 3, 9]
Women's preferences:
[4, 2, 0, 1, 8, 7, 5, 9, 6, 3]
[3, 1, 2, 0, 4, 6, 9, 8, 5, 7]
[1, 4, 6, 5, 7, 0, 3, 2, 9, 8]
[9, 4, 3, 6, 5, 2, 1, 0, 7, 8]
[1, 7, 4, 9, 6, 0, 2, 3, 5, 8]
[4, 2, 9, 1, 5, 7, 6, 8, 0, 3]
[8, 5, 6, 1, 0, 2, 3, 4, 7, 9]
[1, 3, 4, 2, 0, 6, 8, 9, 7, 5]
[3, 8, 5, 0, 9, 4, 6, 1, 7, 2]
[4, 2, 7, 1, 9, 3, 6, 8, 5, 0]
Timestep7: 
Men's preferences:
[9, 5, 4, 1, 3, 8, 7, 2, 0, 6]
[1, 2, 5, 8, 7, 6, 0, 3, 4, 9]
[1, 5, 9, 7, 3, 8, 0, 2, 4, 6]
[4, 3, 2, 9, 5, 1, 6, 7, 0, 8]
[8, 2, 4, 9, 3, 7, 1, 0, 5, 6]
[1, 3, 6, 4, 5, 7, 0, 2, 8, 9]
[6, 2, 8, 3, 9, 7, 4, 0, 1, 5]
[5, 9, 7, 4, 8, 0, 2, 1, 6, 3]
[9, 0, 1, 4, 3, 6, 2, 7, 8, 5]
[5, 0, 2, 6, 1, 4, 8, 7, 3, 9]
Women's preferences:
[4, 2, 0, 1, 8, 7, 5, 9, 6, 3]
[3, 1, 2, 0, 4, 6, 9, 8, 5, 7]
[1, 4, 6, 5, 7, 0, 3, 2, 9, 8]
[9, 4, 3, 6, 5, 2, 1, 0, 7, 8]
[1, 7, 4, 9, 6, 0, 2, 3, 5, 8]
[4, 2, 9, 1, 5, 7, 6, 8, 0, 3]
[8, 5, 6, 1, 0, 2, 3, 4, 7, 9]
[1, 3, 4, 2, 0, 6, 8, 9, 7, 5]
[3, 8, 5, 0, 9, 4, 6, 1, 7, 2]
[4, 2, 7, 1, 9, 3, 6, 8, 5, 0]
Timestep8: 
Men's preferences:
[9, 5, 4, 1, 3, 8, 7, 2, 0, 6]
[1, 2, 5, 8, 7, 6, 0, 3, 4, 9]
[1, 5, 9, 7, 3, 8, 0, 2, 4, 6]
[4, 3, 2, 9, 5, 1, 6, 7, 0, 8]
[8, 2, 4, 9, 3, 7, 1, 0, 5, 6]
[1, 3, 6, 4, 5, 7, 0, 2, 8, 9]
[6, 2, 8, 3, 9, 7, 4, 0, 1, 5]
[5, 9, 7, 4, 8, 0, 2, 1, 6, 3]
[9, 0, 1, 4, 3, 6, 2, 7, 8, 5]
[5, 0, 2, 6, 1, 4, 8, 7, 3, 9]
Women's preferences:
[4, 2, 0, 1, 8, 7, 5, 9, 6, 3]
[3, 1, 2, 0, 4, 6, 9, 8, 5, 7]
[1, 4, 6, 5, 7, 0, 3, 2, 9, 8]
[9, 4, 3, 6, 5, 2, 1, 0, 7, 8]
[1, 7, 4, 9, 6, 0, 2, 3, 5, 8]
[4, 2, 9, 1, 5, 7, 6, 8, 0, 3]
[8, 5, 6, 1, 0, 2, 3, 4, 7, 9]
[1, 3, 4, 2, 0, 6, 8, 9, 7, 5]
[3, 8, 5, 0, 9, 4, 6, 1, 7, 2]
[4, 2, 7, 1, 9, 3, 6, 8, 5, 0]
Timestep9: 
Men's preferences:
[9, 5, 4, 1, 3, 8, 7, 2, 0, 6]
[1, 2, 5, 8, 7, 6, 0, 3, 4, 9]
[1, 5, 9, 7, 3, 8, 0, 2, 4, 6]
[4, 3, 2, 9, 5, 1, 6, 7, 0, 8]
[8, 2, 4, 9, 3, 7, 1, 0, 5, 6]
[1, 3, 6, 4, 5, 7, 0, 2, 8, 9]
[6, 2, 8, 3, 9, 7, 4, 0, 1, 5]
[5, 9, 7, 4, 8, 0, 2, 1, 6, 3]
[9, 0, 1, 4, 3, 6, 2, 7, 8, 5]
[5, 0, 2, 6, 1, 4, 8, 7, 3, 9]
Women's preferences:
[4, 2, 0, 1, 8, 7, 5, 9, 6, 3]
[3, 1, 2, 0, 4, 6, 9, 8, 5, 7]
[1, 4, 6, 5, 7, 0, 3, 2, 9, 8]
[9, 4, 3, 6, 5, 2, 1, 0, 7, 8]
[1, 7, 4, 9, 6, 0, 2, 3, 5, 8]
[4, 2, 9, 1, 5, 7, 6, 8, 0, 3]
[8, 5, 6, 1, 0, 2, 3, 4, 7, 9]
[1, 3, 4, 2, 0, 6, 8, 9, 7, 5]
[3, 8, 5, 0, 9, 4, 6, 1, 7, 2]
[4, 2, 7, 1, 9, 3, 6, 8, 5, 0]
Matches: 
Timestep 0: [(0, 0), (1, 1), (2, 2), (3, 3), (4, 4), (5, 5), (6, 6), (7, 7), (8, 8), (9, 9)]
Timestep 1: [(0, 8), (1, 1), (2, 5), (3, 3), (4, 2), (5, 6), (6, 7), (7, 9), (8, 0), (9, 4)]
Timestep 2: [(0, 8), (1, 1), (2, 5), (3, 3), (4, 2), (5, 6), (6, 7), (7, 9), (8, 0), (9, 4)]
Timestep 3: [(0, 8), (1, 1), (2, 5), (3, 3), (4, 2), (5, 6), (6, 7), (7, 9), (8, 0), (9, 4)]
Timestep 4: [(0, 8), (1, 1), (2, 5), (3, 3), (4, 2), (5, 6), (6, 7), (7, 9), (8, 0), (9, 4)]
Timestep 5: [(0, 8), (1, 1), (2, 5), (3, 3), (4, 2), (5, 6), (6, 7), (7, 9), (8, 0), (9, 4)]
Timestep 6: [(0, 8), (1, 1), (2, 5), (3, 3), (4, 2), (5, 6), (6, 7), (7, 9), (8, 0), (9, 4)]
Timestep 7: [(0, 8), (1, 1), (2, 5), (3, 3), (4, 2), (5, 6), (6, 7), (7, 9), (8, 0), (9, 4)]
Timestep 8: [(0, 8), (1, 1), (2, 5), (3, 3), (4, 2), (5, 6), (6, 7), (7, 9), (8, 0), (9, 4)]
Timestep 9: [(0, 8), (1, 1), (2, 5), (3, 3), (4, 2), (5, 6), (6, 7), (7, 9), (8, 0), (9, 4)]
Average number of timestep staying married: [1.0, 1.1111111111111112, 1.6666666666666667, 2.2222222222222223, 2.7777777777777777, 3.3333333333333335, 3.888888888888889, 4.444444444444445, 5.0, 5.555555555555555]
Largest number of timestep staying married: [1, 2, 3, 4, 5, 6, 7, 8, 9, 10]
Proportion of marriage persisted: [0, 0.2, 1.0, 1.0, 1.0, 1.0, 1.0, 1.0, 1.0, 1.0]
